Measuring data transfer d2h using peageable memory... 
2 7.535545 265408.808987
8 7.559909 1058213.851971
64 7.793341 8212139.244981
512 7.831969 65373090.259074
4096 8.061375 508101905.692267
32768 13.556375 2417165355.782796
262144 89.036500 2944230736.832647
2097152 844.342000 2483770794.298993
16777216 2959.513000 5668911067.462789
134217728 23171.496000 5792363514.207283
Measuring data transfer d2h using pinned memory... 
2 6.715853 297802.810157
8 6.792920 1177696.844864
64 6.802626 9408131.876927
512 6.834670 74912176.572170
4096 6.965422 588047655.046020
32768 10.010125 3273485595.834219
262144 30.495000 8596294474.504017
2097152 173.403000 12094092951.102345
16777216 1297.959000 12925844344.852186
134217728 10216.418000 13137454634.295504
