Measuring data transfer h2d using peageable memory... 
2 5.713491 350048.658791
8 5.739980 1393733.158052
64 5.749618 11131173.962130
512 5.797338 88316397.915665
4096 6.436844 636336713.936858
32768 11.871500 2760224066.040517
262144 61.121000 4288935063.235222
2097152 461.989000 4539398124.197762
16777216 1471.707000 11399834342.025959
134217728 11161.721000 12024823770.456188
Measuring data transfer h2d using pinned memory... 
2 6.723797 297450.965656
8 6.750388 1185117.068173
64 6.752660 9477747.013312
512 6.772961 75594707.355419
4096 7.273578 563134117.707713
32768 11.701500 2800324744.690852
262144 32.425500 8084501395.506621
2097152 182.023000 11521357191.124199
16777216 1359.386000 12341760177.021097
134217728 10705.263000 12537546064.958891
