Measuring asynchronous launch time... 1 5.449423
101 2.667833
201 2.666517
301 2.662289
401 2.669653
501 2.656461
601 2.663324
701 2.672631
801 2.654916
901 2.659239
1001 2.700124
1101 2.724647
1201 2.737672
1301 2.736477
1401 2.745627
1501 2.761788
1601 2.742707
1701 2.669156
1801 2.652923
1901 2.653010
2001 2.653322
2101 2.655255
2201 2.660735
2301 2.650850
2401 2.655992
2501 2.652515
2601 2.663698
2701 2.653533
2801 2.652916
2901 2.652718
3001 2.648905
3101 2.659191
3201 2.718126
3301 2.747207
3401 2.810494
3501 2.861968
3601 2.911027
3701 2.965304
3801 3.020059
3901 3.056049
4001 3.105964
4101 3.166421
4201 3.223344
4301 3.262031
4401 3.320781
4501 3.379042
4601 3.415581
4701 3.474626
4801 3.531707
4901 3.569006
5001 3.631725
5101 3.683512
5201 3.743150
5301 3.788058
5401 3.836231
5501 3.904627
5601 3.935222
5701 3.995804
5801 4.048400
5901 4.101122
6001 4.144299
6101 4.209137
6201 4.263118
6301 4.297861
6401 4.363743
6501 4.414646
6601 4.455023
6701 4.516764
6801 4.568196
6901 4.626641
7001 4.669940
7101 4.721765
7201 4.787235
7301 4.821771
7401 4.879877
7501 4.940224
7601 4.975275
7701 5.036924
7801 5.091276
7901 5.156086
8001 5.190041
8101 5.251720
8201 5.351876
8301 5.386552
8401 5.443607
8501 5.498238
8601 5.544261
8701 5.597272
8801 5.656010
8901 5.717242
9001 5.753660
9101 5.812863
9201 5.871985
9301 5.909870
9401 5.966788
9501 6.027144
9601 6.071991
9701 6.122825
9801 6.181993
9901 6.238457
