Measuring data transfer d2h using peageable memory... 
2 7.767267 257490.823399
8 7.772647 1029250.419477
64 7.811386 8193168.038518
512 7.895576 64846439.177397
4096 8.342813 490961531.258194
32768 13.859000 2364384154.700916
262144 91.351500 2869618999.140682
2097152 916.637000 2287876225.812399
16777216 3889.432000 4313538840.632771
134217728 23393.500000 5737394062.453245
Measuring data transfer d2h using pinned memory... 
2 6.807817 293779.940967
8 6.867519 1164903.987873
64 6.879472 9303039.308450
512 6.911064 74084101.439466
4096 7.141859 573520113.590867
32768 10.171500 3221550410.460601
262144 30.545500 8582082467.139186
2097152 173.883000 12060707487.218416
16777216 1299.654000 12908986545.649841
134217728 10224.377000 13127227996.385500
