Measuring data transfer h2d using peageable memory... 
2 5.779631 346042.874861
8 5.824352 1373543.345294
64 5.849280 10941517.533688
512 5.867178 87265125.274842
4096 6.469031 633170538.479003
32768 11.836500 2768385924.893339
262144 60.651000 4322171110.121845
2097152 452.148000 4638198112.122580
16777216 1669.451000 10049540837.077578
134217728 11249.807000 11930669388.372618
Measuring data transfer h2d using pinned memory... 
2 6.809303 293715.828703
8 6.809346 1174855.840567
64 6.827052 9374471.522858
512 6.868816 74539770.714228
4096 7.302625 560894199.003783
32768 11.694000 2802120745.681546
262144 32.460500 8075784414.904269
2097152 182.333000 11501768741.807571
16777216 1366.335000 12278991608.939241
134217728 10724.768000 12514744188.405754
